8.22
8.11
8.15
8.27
8.37
8.1
8.31
8.11
8.32
8.3
8.11
8.21
8.34
8.32
8.14
8.25
8.1
8.26
8.29
8.17
8.13
8.28
8.28
8.15
8.19
8.12
8.29
8.29
8.22
8.12
8.32
8.22
8.11
8.16
8.11
8.29
8.29
8.12
8.32
8.34
8.29
8.13
8.21
8.06
8.41
8.35
8.14
8.24
7.93
8.42
8.13
8.3
8.09
8.24
8.39
8.1
8.13
8.26
8.27
8.12
8.22
8.1
8.24
8.22
8.19
8.3
8.26
8.25
8.1
8.19
8.12
8.28
8.34
8.18
8.1
8.3
8.27
8.1
8.19
8.11
8.32
8.3
8.15
8.2
8.33
8.37
8.1
8.18
8.11
8.2
8.33
8.26
8.08
8.32
8.3
8.12
8.14
8.09
8.25
8.26
8.24
8.14
8.31
8.3
8.13
8.27
8.12
8.25
8.25
8.11
8.1
8.35
8.3
8.13
8.27
8.12
8.25
8.38
8.29
8.04
8.05
8.22
8.1
8.31
8.12
8.42
8.45
8.09
8.07
8.24
8.22
8.12
8.17
8.12
8.33
8.29
8.36
8.3
8.23
8.27
8.14
8.12
8.12
8.29
8.19
8.2
8.34
8.21
8.18
8.15
8.13
8.18
8.34
8.3
8.26
8.25
8.14
8.3
8.14
8.09
8.22
8.28
8.27
8.25
8.27
8.06
8.21
8.17
8.13
8.13
8.3
8.29
8.34
8.27
8.16
8.26
8.17
8.14
8.18
8.3
8.23
8.24
8.23
8.19
8.23
8.16
8.13
8.19
8.35
8.29
8.17
8.34
8.1
8.22
8.16
8.1
8.11
8.26
8.31
8.18
8.27
8.06
8.19
8.23
8.11
8.33
8.35
8.29
8.19
8.27
8.12
8.19
8.2
8.14
8.25
8.28
8.19
8.2
8.31
8.08
8.23
8.1
8.1
8.27
8.19
8.26
8.18
8.24
8.1
8.19
8.2
8.12
8.34
8.37
8.26
8.25
8.27
8.13
8.3
8.15
8.11
8.2
8.27
8.27
8.19
8.34
8.2
8.12
8.09
8.1
8.19
8.34
8.41
8.3
8.31
8.14
8.22
8.04
8.1
8.15
8.36
8.26
8.14
8.36
8.12
8.3
8.14
8.1
8.35
8.28
